experiment 5
experiment 9
experiment 13
{np.str_('T2'): array([[0.5       , 0.5       , 0.5       , 0.5       , 0.5       ,
        0.5       , 0.5       , 0.5       , 0.5       , 0.5       ],
       [0.5       , 0.5       , 0.5       , 0.5       , 0.5       ,
        0.5       , 0.5       , 0.5       , 0.5       , 0.5       ],
       [0.5       , 0.5       , 0.5       , 0.5       , 0.5       ,
        0.5       , 0.5       , 0.5       , 0.5       , 0.5       ],
       [0.66666667, 0.66666667, 0.66666667, 0.66666667, 0.66666667,
        0.66666667, 0.66666667, 0.66666667, 0.66666667, 0.66666667],
       [0.66666667, 0.66666667, 0.66666667, 0.66666667, 0.66666667,
        0.66666667, 0.66666667, 0.66666667, 0.66666667, 0.66666667],
       [0.66666667, 0.66666667, 0.66666667, 0.66666667, 0.66666667,
        0.66666667, 0.66666667, 0.66666667, 0.66666667, 0.66666667],
       [0.66666667, 0.66666667, 0.66666667, 0.66666667, 0.66666667,
        0.66666667, 0.66666667, 0.66666667, 0.66666667, 0.66666667],
       [0.66666667, 0.66666667, 0.66666667, 0.66666667, 0.66666667,
        0.66666667, 0.66666667, 0.66666667, 0.66666667, 0.66666667],
       [0.33333333, 0.33333333, 0.33333333, 0.33333333, 0.33333333,
        0.33333333, 0.33333333, 0.33333333, 0.33333333, 0.33333333],
       [0.33333333, 0.33333333, 0.33333333, 0.33333333, 0.33333333,
        0.33333333, 0.33333333, 0.33333333, 0.33333333, 0.33333333]])}
0.5
['T2' 'T2' 'T2' 'T2' 'T2' 'T2' 'T2' 'T2' 'T2' 'T2' 'T2' 'T2']
iter [[[3 1 1 1 1 1 3 3 3 4]
  [3 1 1 1 1 1 3 1 3 3]
  [3 1 1 1 1 1 3 3 3 4]
  [3 1 1 1 1 1 2 3 3 3]
  [3 1 1 1 1 1 2 3 3 4]
  [3 1 1 1 1 1 3 3 3 4]
  [3 1 1 1 1 1 3 3 1 3]
  [3 1 1 1 1 1 3 1 6 3]
  [3 1 1 1 1 2 1 3 1 3]
  [3 1 1 1 1 2 1 3 3 4]]]
